156 156
0 0 1 
1 1 0.00729927 
2 2 1.92384 
3 3 -0.993942 
4 4 1 
5 5 -1.45449 
5 6 -0.0466085 
6 6 -0.0500293 
7 7 -1.41421 
7 8 0.707107 
8 8 1.22474 
8 9 -0.816497 
9 9 1.1547 
10 10 -0.616944 
9 11 -0.866025 
10 11 1 
11 11 -1.11803 
11 12 0.894427 
12 12 0.447214 
13 13 2.12686 
14 14 10.7832 
15 15 1 
16 16 -1.30545 
14 17 0.092737 
15 17 -0.520968 
16 17 0.380828 
17 17 1.04243 
16 18 0.642819 
17 18 -0.234698 
18 18 0.72918 
17 19 0.00181722 
18 19 0.000655679 
19 19 1.00033 
17 20 0.0149739 
18 20 0.00540277 
19 20 0.00545659 
20 20 1.43002 
21 21 5.45373e+06 
21 22 -1 
22 23 -1 
21 24 -3.87564e-08 
22 24 2.7273e-20 
23 24 -1.73205 
20 25 -0.699293 
22 25 1 
23 25 -0.122043 
24 25 0.735377 
25 26 1 
26 27 -1.72856 
27 28 -2.14615 
27 29 0.392188 
28 29 0.919925 
26 30 0.578516 
27 30 0.919885 
28 30 -0.389687 
29 30 -0.859734 
30 31 -1.30786 
30 32 0.644498 
31 32 0.764607 
31 33 4.59012e-05 
32 33 1.00059 
26 34 0.578516 
29 34 0.389284 
30 34 0.383756 
31 34 -0.323167 
32 34 0.0079034 
33 34 -0.752691 
34 35 1.41421 
34 36 0.707107 
35 36 -1.22474 
34 37 -0.00244715 
35 37 -0.00141286 
36 37 -1 
34 38 -0.70466 
35 38 -0.406835 
36 38 -0.0011496 
37 38 -1.1537 
38 39 1.01451 
38 40 -0.518789 
39 40 -0.344931 
39 41 0.966377 
40 41 1.29092 
40 42 1.74255 
41 42 -0.354186 
42 43 -6.41654 
40 44 -0.979962 
41 44 0.199184 
42 44 0.520607 
43 44 1.3149 
43 45 0.760513 
44 45 -1.19232 
44 46 0.129766 
45 46 -106.121 
46 47 1.41421 
46 48 0.707107 
47 48 -1.22474 
46 49 -0.70466 
47 49 -0.406835 
48 49 -1.1537 
45 50 -0.999911 
46 50 -0.00244715 
47 50 -0.00141286 
48 50 -0.00099645 
49 50 0.013462 
44 51 0.845448 
45 51 -0.000435884 
48 51 -0.875021 
49 51 -0.0971447 
50 51 -1.59543 
43 52 -0.760513 
44 52 0.353614 
45 52 -0.999478 
48 52 -0.866774 
49 52 -0.0188014 
50 52 0.0314374 
51 52 -1.5953 
52 53 -6.41654 
53 54 -0.00806452 
53 55 1 
54 55 -1 
55 56 -1 
55 57 1 
56 57 -1.41421 
54 58 1 
56 58 0.707107 
57 58 -1.22474 
56 59 0.755345 
57 59 0.436099 
58 59 1.17489 
59 60 11.5097 
60 61 -1.24598 
61 62 -2.98804 
60 63 0.535052 
61 63 -0.44801 
62 63 0.844819 
63 64 1.40084 
60 65 0.844819 
62 65 -0.535052 
63 65 0.0496085 
64 65 0.0564354 
57 66 0.816497 
58 66 -0.30307 
59 66 0.996148 
63 66 -0.660218 
64 66 -0.751074 
65 66 -0.499171 
66 67 0.395295 
58 68 -0.876745 
65 68 0.532312 
66 68 1.62927 
67 68 -2.78178 
66 69 -0.483335 
67 69 0.874925 
68 69 0.213488 
69 70 1.41421 
52 71 0.520607 
61 71 1 
69 71 0.707107 
70 71 1.10859 
71 72 1.6086 
72 73 0.739666 
72 74 0.260334 
73 74 -175966 
73 75 1.8672e+07 
74 75 -106.116 
74 76 0.999956 
75 76 -2.43143 
71 77 -0.621658 
75 77 2.43139 
76 77 -0.783346 
77 78 1.39341 
77 79 0.0206438 
78 79 1.00023 
79 80 0.00993378 
80 81 2.10949 
81 82 -1 
82 83 -1 
83 84 -3.50781 
83 85 0.741116 
84 85 -3.40027 
84 86 -0.294094 
85 86 0.0600615 
79 87 0.990066 
80 87 -1.09124 
81 87 1 
82 87 1 
85 87 0.16375 
86 87 13.0366 
77 88 -0.69639 
78 88 -0.0152645 
84 88 0.980313 
85 88 -0.194729 
86 88 -0.994745 
87 88 0.725505 
86 89 0.96763 
87 89 -0.0107654 
88 89 1.00258 
86 90 0.0295608 
87 90 -0.000328879 
88 90 0.000157423 
89 90 1 
86 91 0.997191 
87 91 -0.0110943 
88 91 0.00531044 
89 91 0.000161814 
90 91 1.41614 
74 92 0.00942366 
75 92 0.00387559 
76 92 0.0120293 
86 92 3.13673 
87 92 -0.0348978 
88 92 0.0167043 
89 92 0.000508997 
90 92 0.0121247 
91 92 -1.43304 
92 93 0.990576 
92 94 1 
93 94 1.38885 
93 95 0.687414 
94 95 1.22829 
93 96 0.687414 
94 96 0.414154 
95 96 0.580671 
92 97 -1 
93 97 -1.38885 
96 97 -1.42096 
96 98 0.710447 
97 98 -1.22281 
98 99 1 
98 100 -0.5 
99 100 1 
99 101 -2.15109 
100 101 1 
99 102 -6.82189 
101 102 1 
97 103 0.817788 
99 103 -0.0230831 
102 103 0.575519 
103 104 9.2841 
103 105 0.796235 
104 105 7.22837 
104 106 -0.996491 
105 106 -0.336387 
105 107 -0.968552 
106 107 -1.03049 
106 108 2.0261 
107 108 1.11988 
107 109 -0.891817 
108 109 1.94851 
108 110 -0.973018 
109 110 1.02627 
110 111 -1.41421 
110 112 1.49185 
111 112 -1.55604 
111 113 0.284266 
112 113 -5.25341 
112 114 0.983206 
113 114 1.21444 
105 115 0.968552 
106 115 0.0600746 
107 115 -0.108688 
108 115 -0.0497457 
109 115 -0.0471643 
113 115 2.12256 
114 115 0.381936 
98 116 -0.5 
113 116 -0.988644 
114 116 -0.12694 
115 116 0.0804277 
71 117 -1.56658 
76 117 1.24323 
91 117 0.0104359 
113 117 0.875814 
114 117 0.112453 
115 117 -0.0712487 
116 117 0.0107146 
72 118 -1 
73 118 175966 
75 118 -2.43139 
76 118 0.000113365 
90 118 -0.706144 
91 118 -0.0125492 
96 118 -0.710447 
97 118 0.405022 
102 118 -0.575519 
116 118 -0.000931088 
117 118 -0.708019 
83 119 0.613939 
84 119 0.133813 
85 119 0.65522 
86 119 -0.00823009 
87 119 -0.0162304 
88 119 0.00776892 
89 119 0.000236727 
90 119 0.00563899 
91 119 -0.0174809 
113 119 0.354099 
114 119 0.0454657 
115 119 -0.0288064 
116 119 0.0170262 
117 119 -0.00533661 
118 119 -0.105009 
86 120 0.976836 
87 120 -0.0108678 
88 120 0.00520204 
89 120 0.000158511 
90 120 0.00377585 
91 120 -0.0117052 
96 120 0.703751 
97 120 0.408876 
102 120 -0.580995 
116 120 0.0114007 
117 120 -0.00357337 
118 120 -0.0703134 
119 120 1 
68 121 -0.990149 
100 121 -1 
110 121 0.707107 
111 121 0.677935 
112 121 0.0366837 
113 121 -0.0296989 
114 121 0.165048 
115 121 -0.104572 
120 121 0.140021 
52 122 1.70759 
70 122 -0.801908 
113 122 0.0529863 
114 122 0.00680335 
115 122 -0.00431051 
121 122 -0.664133 
42 123 1.70759 
43 123 -0.676085 
44 123 -0.431237 
45 123 -0.000527325 
49 123 -0.0391679 
50 123 -0.226136 
51 123 0.223051 
113 123 0.0529863 
114 123 0.00680335 
115 123 -0.00431051 
122 123 -0.581935 
37 124 0.825286 
50 124 0.626792 
51 124 0.0123517 
69 124 -0.712793 
70 124 0.454651 
119 124 -1 
121 124 -0.548969 
122 124 -0.238832 
123 124 0.880569 
36 125 53.0555 
37 125 -0.052867 
45 125 0.00942324 
49 125 0.699927 
50 125 -0.0426208 
51 125 -0.0149927 
69 125 -0.109405 
70 125 0.0697837 
91 125 0.697815 
116 125 -0.679664 
117 125 -0.0114745 
118 125 -0.225784 
121 125 -0.0842603 
122 125 -0.0363025 
123 125 0.0702497 
124 125 0.714257 
36 126 0.499999 
37 126 0.81701 
51 126 0.626842 
69 126 -0.707107 
70 126 -0.451024 
90 126 -0.706144 
91 126 -0.00597453 
116 126 0.00581912 
117 126 0.704371 
118 126 -0.0717786 
121 126 0.544589 
122 126 0.240264 
123 126 0.310469 
124 126 0.0554544 
125 126 0.819711 
25 127 -0.528428 
30 127 0.38085 
31 127 -0.320935 
32 127 0.00231004 
33 127 -0.0204901 
59 127 0.0868835 
65 127 0.173385 
67 127 0.0331784 
68 127 -0.135973 
120 127 -0.961524 
126 127 -0.0639372 
31 128 -0.0013341 
32 128 -0.0343858 
33 128 0.305003 
35 128 -4.12119 
36 128 0.00582267 
37 128 1.45327 
123 128 -1.36203 
124 128 -0.190985 
125 128 -0.923237 
126 128 0.951729 
127 128 1.90686 
28 129 -0.00926729 
29 129 0.316021 
33 129 0.163443 
101 129 -1 
109 129 -0.9744 
114 129 -0.120326 
115 129 -0.189913 
126 129 -0.0523789 
127 129 -3.29914e-41 
128 129 0.933053 
129 130 1.41421 
130 131 1.01324 
131 132 -1.41421 
132 133 1 
132 134 -0.52381 
133 134 -2.58407 
133 135 -0.199735 
134 135 1.00351 
133 136 0.922086 
134 136 -0.0323261 
135 136 -0.398388 
136 137 1 
136 138 -0.52381 
137 138 -2.32523 
137 139 -0.211385 
138 139 1 
137 140 -1 
139 140 -1.41421 
131 141 0.707107 
133 141 -0.199735 
134 141 0.00700223 
135 141 0.0808586 
139 141 0.0153168 
140 141 -0.707583 
130 142 0.0263071 
139 142 0.134155 
140 142 -0.002904 
141 142 1.02174 
130 143 0.124794 
139 143 0.636396 
140 143 -0.0137758 
141 143 0.204063 
142 143 1.3955 
129 144 -0.707107 
133 144 -0.922086 
134 144 0.0323261 
135 144 0.373287 
139 144 0.0707107 
140 144 -0.00439906 
141 144 0.00927184 
142 144 0.0308472 
143 144 -0.716459 
35 145 0.66324 
36 145 -0.000937067 
37 145 -0.233881 
123 145 0.219197 
124 145 0.030736 
125 145 0.14858 
127 145 -0.306879 
128 145 -1.08508e-41 
130 145 -0.161131 
135 145 -0.29169 
140 145 -0.0333327 
141 145 -0.155737 
142 145 -0.518134 
143 145 -0.176095 
144 145 1.38365 
47 146 -0.570745 
48 146 0.201264 
49 146 -0.0450035 
50 146 -0.107644 
51 146 -0.110944 
122 146 0.00233485 
123 146 0.0788111 
124 146 0.0277159 
125 146 0.0524306 
127 146 0.0844543 
128 146 2.98618e-42 
135 146 0.251011 
137 146 1 
140 146 0.0286841 
141 146 8.15264e-05 
142 146 0.000271237 
143 146 0.130618 
144 146 -0.769507 
145 146 0.637611 
17 147 -0.0704075 
18 147 -0.025404 
19 147 -0.025657 
20 147 -0.147791 
24 147 -0.140539 
47 147 4.40647 
48 147 -1.55387 
49 147 0.347452 
50 147 0.831074 
51 147 0.856548 
122 147 -0.0180263 
123 147 -0.608465 
124 147 -0.213982 
125 147 -0.404793 
127 147 -0.652034 
128 147 -2.3055e-41 
144 147 4.5462e-41 
145 147 -0.9636 
146 147 2.18338 
17 148 0.0708371 
18 148 0.0255589 
19 148 0.0258135 
20 148 0.148692 
23 148 0.57735 
24 148 0.237213 
68 148 1.08816 
120 148 -0.153881 
139 148 0.707107 
140 148 0.0153065 
141 148 -0.0927999 
142 148 -0.308744 
143 148 0.0551998 
144 148 -0.118666 
145 148 -0.155066 
146 148 -0.501017 
147 148 1.30301 
20 149 -0.699293 
24 149 -0.664979 
137 149 -0.211385 
139 149 -0.149472 
140 149 0.00323556 
141 149 -0.0196165 
142 149 -0.0652637 
143 149 0.0116684 
144 149 -0.0250841 
145 149 -0.0327787 
146 149 -0.104604 
147 149 0.218174 
148 149 1.01297 
13 150 -0.908334 
21 150 3.87597e-08 
22 150 -2.7273e-20 
23 150 1.1547 
24 150 -0.095817 
146 150 -0.0061675 
147 150 -0.496565 
148 150 0.0434131 
149 150 1.62126 
22 151 -5.7651e-21 
23 151 0.122043 
24 151 -0.0405085 
146 151 -0.00260743 
147 151 -0.0477041 
148 151 -0.0165872 
149 151 0.157273 
150 151 1.02252 
28 152 0.00202272 
29 152 -0.0689761 
33 152 -0.0356737 
126 152 0.0114324 
127 152 7.20084e-42 
128 152 -0.203652 
131 152 0.707107 
140 152 0.70663 
141 152 0.00200839 
142 152 0.00668189 
143 152 -0.00402504 
144 152 0.0192389 
145 152 -0.00774898 
146 152 -0.00341989 
147 152 -0.00688907 
148 152 -0.000385032 
149 152 -0.0154734 
150 152 -0.00243444 
151 152 0.0185157 
13 153 0.993884 
28 153 0.00933796 
29 153 -0.318431 
33 153 -0.164689 
126 153 0.0527784 
127 153 3.3243e-41 
128 153 -0.940168 
129 153 -0.707107 
143 153 0.697877 
144 153 0.0888173 
145 153 -0.0357735 
146 153 -0.0157881 
147 153 -0.0318037 
148 153 -0.00177752 
149 153 -0.146653 
150 153 0.000330852 
151 153 0.0241389 
152 153 -0.0513879 
13 154 -0.110432 
31 154 0.00134693 
32 154 0.0347165 
33 154 -0.307937 
126 154 -0.960884 
127 154 -6.05222e-40 
128 154 6.80722e-41 
142 154 -0.716588 
143 154 -0.0308528 
144 154 -0.272266 
145 154 -0.321962 
146 154 -0.142093 
147 154 -0.286233 
148 154 -0.0159977 
149 154 -1.31988 
150 154 0.00297767 
151 154 0.21725 
152 154 -0.462491 
31 155 0.000283938 
32 155 0.00731839 
33 155 -0.0649143 
126 155 -0.202558 
127 155 -1.27583e-40 
128 155 1.43499e-41 
141 155 -0.978723 
142 155 0.143118 
143 155 -0.0065039 
144 155 -0.0573947 
145 155 -0.0678708 
146 155 -0.0299537 
147 155 -0.0603391 
148 155 -0.00337237 
149 155 -0.135526 
150 155 -0.999302 
151 155 0.0335881 
152 155 -0.0666978 
153 155 -0.150244 
155 155 0.000000
