11 11
0 0       -1.41421356237309515e+00
0 1       -7.07106781186547462e-01
1 1       -1.22474487139158894e+00
0 2       -7.07106781186547462e-01
1 2       -4.08248290463862906e-01
2 2        1.15470053837925146e+00
0 3       -7.07106781186547240e-01
1 3       -4.08248290463863184e-01
2 3        2.88675134594813088e-01
3 3       -2.06155281280883029e+00
0 4       -7.07106781186547240e-01
1 4       -4.08248290463863184e-01
2 4       -5.77350269189625731e-01
3 4       -1.69774937525433112e+00
4 4       -1.45521375021799781e+00
0 5       -1.41421356237309492e+00
1 5       -8.16496580927726145e-01
2 5       -2.88675134594812866e-01
3 5       -1.33394593769983150e+00
4 5       -8.48874687627165336e-01
5 5       -1.32287565553229514e+00
0 6       -7.07106781186547240e-01
1 6       -4.08248290463863184e-01
2 6       -5.77350269189625731e-01
3 6       -1.21267812518166496e+00
4 6       -1.33394593769983105e+00
5 6       -5.66946709513840741e-01
6 6        1.85164019954510328e+00
1 7       -8.16496580927726145e-01
2 7        5.77350269189625953e-01
3 7       -1.21267812518166451e+00
4 7        4.04226041727221430e-02
5 7        6.29940788348712921e-02
6 7        8.74385649785187180e-01
7 7        8.71354841186562257e-01
3 8       -4.85071250072665994e-01
4 8       -8.08452083454443082e-01
5 8       -1.25988157669742451e+00
6 8       -2.05737799949455846e-01
7 8       -3.40040913633780417e-01
8 8        6.04858378909134076e-01
5 9       -7.55928946018454617e-01
6 9        8.48668424791505283e-01
7 9        3.50667192184836107e-01
8 9        5.64534486981858263e-01
9 9       -5.16397779494322307e-01
