11 11
0 0       -1.41421356237309515e+00
0 1       -7.07106781186547240e-01
1 1        2.12132034355964239e+00
0 2       -7.07106781186547462e-01
1 2        2.35702260395515895e-01
2 2       -1.20185042515466312e+00
0 3       -1.41421356237309492e+00
1 3        1.41421356237309515e+00
2 3        2.77350098112614685e-01
3 3       -1.70970082853022065e+00
0 4       -7.07106781186547462e-01
1 4        2.35702260395515895e-01
2 4       -3.69800130816819284e-01
3 4       -4.49921270665847362e-01
4 4       -1.05131496607569375e+00
0 5       -7.07106781186547240e-01
1 5        1.17851130197757903e+00
2 5       -1.84900065408409753e-01
3 5        3.59937016532677956e-01
4 5        6.50814026618286579e-01
5 5        1.23442679969673530e+00
0 6       -7.07106781186547240e-01
1 6        1.64991582276861104e+00
2 6        7.39600261633638678e-01
3 6       -8.54850414265110103e-01
4 6        5.38163898181158370e-17
5 6       -2.20439998145137371e-17
6 6        1.22474487139158894e+00
0 7       -7.07106781186547240e-01
1 7        1.17851130197757903e+00
2 7        6.47150228929433635e-01
3 7       -1.25977955786437334e+00
4 7        1.00125234864351736e-01
5 7        1.31157847467778099e+00
6 7        8.16496580927726257e-01
7 7       -1.30703226177984333e+00
3 8       -5.84897651865601720e-01
4 8        2.50313087160879411e-01
5 8        8.48668424791505283e-01
6 8       -4.08248290463863239e-01
7 8       -3.50667192184836107e-01
8 8       -7.65092055676006244e-01
1 10        4.71404520791031678e-01
2 10        9.24500327042048764e-02
3 10       -1.34976381199754258e+00
4 10        6.50814026618286356e-01
5 10       -3.85758374905229573e-01
7 10       -9.56365069595008221e-02
8 10       -4.46303699144336763e-01
9 10        4.08248290463862906e-01
